  *******************************************
  *                                         *
  *        W E L C O M E  to  R O O T       *
  *                                         *
  *   Version   5.34/36      5 April 2016   *
  *                                         *
  *  You are welcome to visit our Web site  *
  *          http://root.cern.ch            *
  *                                         *
  *******************************************

ROOT 5.34/36 (v5-34-36@v5-34-36, Apr 05 2016, 10:25:45 on linuxx8664gcc)

CINT/ROOT C/C++ Interpreter version 5.18.00, July 2, 2010
Type ? for help. Commands must be C++ statements.
Enclose multiple statements between { }.

Processing $RUNMAC(TString(gSystem->Getenv("JOBNAME")))...
Running HSRunBatch on  Eg3.50_M16.25_
Info in <TUnixSystem::ACLiC>: creating shared library /scratch/dglazier/Eg3.50_M16.25_/./THSBins_C.so
Info in <TUnixSystem::ACLiC>: creating shared library /scratch/dglazier/Eg3.50_M16.25_/./THSWeights_C.so
Info in <TUnixSystem::ACLiC>: creating shared library /scratch/dglazier/Eg3.50_M16.25_/./THSRooFit_C.so

[1mRooFit v3.60 -- Developed by Wouter Verkerke and David Kirkby[0m 
                Copyright (C) 2000-2013 NIKHEF, University of California & Stanford University
                All rights reserved, please read http://roofit.sourceforge.net/license.txt

Info in <TUnixSystem::ACLiC>: creating shared library /scratch/dglazier/Eg3.50_M16.25_/./THSsPlot_C.so
Info in <TUnixSystem::ACLiC>: creating shared library /scratch/dglazier/Eg3.50_M16.25_/./THSEventsPDF_C.so
TFile**		FarmEg3.50_M16.25_.root	
 TFile*		FarmEg3.50_M16.25_.root	
  KEY: RooWorkspace	wHS;1	wHS
  KEY: TProcessID	ProcessID0;1	b53cbf02-9b64-11e6-9717-232dd182beef
THSEventsPDF()
THSEventsPDF()
THSEventsPDF()
THSEventsPDF()

RooWorkspace(wHS) wHS contents

variables
---------
(Eg,M1,Mmiss,Yld_BG,Yld_Signal,alpha,alphaB,fgID,off,offB,scale,scaleB)

p.d.f.s
-------
RooGaussian::AlphaConstrBG[ x=alphaB mean=0 sigma=0.25 ] = 1
RooGaussian::AlphaConstrSignal[ x=alpha mean=0 sigma=0.25 ] = 1
THSEventsPDF::BG[ x=Mmiss offset=offB scale=scaleB alpha=alphaB ] = 136972
RooGaussian::OffConstrSignal[ x=off mean=0 sigma=0.5 ] = 1
RooGaussian::ScConstrSignal[ x=scale mean=1 sigma=0.025 ] = 1
THSEventsPDF::Signal[ x=Mmiss offset=off scale=scale alpha=alpha ] = 990617

datasets
--------
RooDataSet::Eg3.50_M16.25_(Mmiss,fgID)

named sets
----------
AuxVars:()
BinVars:(Eg,M1)
Constraints:(AlphaConstrSignal,OffConstrSignal,ScConstrSignal,AlphaConstrBG)
ID:(fgID)
PDFs:(Signal,BG)
Parameters:(alpha,off,scale,alphaB,offB,scaleB)
Variables:(Mmiss)
Yields:(Yld_Signal,Yld_BG)

generic objects
---------------
RooArgList::

[#0] ERROR:InputArguments -- RooWorkspace::import(wHS) generic object with name  is already in workspace and replaceExisting flag is set to false

RooWorkspace(wHS) wHS contents

variables
---------
(Eg,M1,Mmiss,Yld_BG,Yld_Signal,alpha,alphaB,fgID,off,offB,scale,scaleB)

p.d.f.s
-------
RooGaussian::AlphaConstrBG[ x=alphaB mean=0 sigma=0.25 ] = 1
RooGaussian::AlphaConstrSignal[ x=alpha mean=0 sigma=0.25 ] = 1
THSEventsPDF::BG[ x=Mmiss offset=offB scale=scaleB alpha=alphaB ] = 136972
RooGaussian::OffConstrSignal[ x=off mean=0 sigma=0.5 ] = 1
RooGaussian::ScConstrSignal[ x=scale mean=1 sigma=0.025 ] = 1
THSEventsPDF::Signal[ x=Mmiss offset=off scale=scale alpha=alpha ] = 990617

datasets
--------
RooDataSet::(Mmiss,fgID)

named sets
----------
AuxVars:()
BinVars:(Eg,M1)
Constraints:(AlphaConstrSignal,OffConstrSignal,ScConstrSignal,AlphaConstrBG)
ID:(fgID)
PDFs:(Signal,BG)
Parameters:(alpha,off,scale,alphaB,offB,scaleB)
Variables:(Mmiss)
Yields:(Yld_Signal,Yld_BG)

generic objects
---------------
RooArgList::

[#1] INFO:ObjectHandling -- RooWorkspace::import(wHS) importing dataset Eg3.50_M16.25_
THSRooFit::LoadDataSet Print dataset for Eg3.50_M16.25_
RooDataSet::Eg3.50_M16.25_[Mmiss,fgID] = 21599 entries
Initialise 0x7ff53f0d5014 21599 2
[#1] INFO:ObjectHandling -- RooWorkspace::import(wHS) importing RooAddPdf::TotalPDF0
RooAddPdf::TotalPDF0[ Yld_Signal * Signal + Yld_BG * BG ] = 421521
0x2d92d30
THSRooFit::Fit() 
RooAddPdf::TotalPDF0[ Yld_Signal * Signal + Yld_BG * BG ] = 421521
RooArgList:: = (AlphaConstrSignal,OffConstrSignal,ScConstrSignal,AlphaConstrBG)
0x2bc5750 : OBJ: RooCmdArg	Extended	Extended
0x2c990a0 : OBJ: RooCmdArg	NumCPU	NumCPU
0x2caa420 : OBJ: RooCmdArg	Save	Save
0x2ca9180 : OBJ: RooCmdArg	Warnings	Warnings
0x2de0df0 : OBJ: RooCmdArg	ExternalConstraints	ExternalConstraints
[#1] INFO:NumericIntegration -- RooRealIntegral::init(Signal_Int[Mmiss]) using numeric integrator RooIntegrator1D to calculate Int(Mmiss)
[#1] INFO:NumericIntegration -- RooRealIntegral::init(BG_Int[Mmiss]) using numeric integrator RooIntegrator1D to calculate Int(Mmiss)
[#1] INFO:Minization --  Including the following contraint terms in minimization: (AlphaConstrSignal,OffConstrSignal,ScConstrSignal,AlphaConstrBG)
[#1] INFO:Fitting -- RooAddition::defaultErrorLevel(nll_TotalPDF0_Eg3.50_M16.25__with_constr) Summation contains a RooNLLVar, using its error level
 **********
 **    9 **SET NOWARNINGS           0
 **********
[#1] INFO:Minization -- RooMinuit::optimizeConst: activating const optimization
[#1] INFO:NumericIntegration -- RooRealIntegral::init(Signal_Int[Mmiss]) using numeric integrator RooIntegrator1D to calculate Int(Mmiss)
[#1] INFO:NumericIntegration -- RooRealIntegral::init(BG_Int[Mmiss]) using numeric integrator RooIntegrator1D to calculate Int(Mmiss)
[#1] INFO:Minization --  The following expressions will be evaluated in cache-and-track mode: (Signal,BG)
 **********
 **   12 **MIGRAD        4000           1
 **********
 FIRST CALL TO USER FUNCTION AT NEW START POINT, WITH IFLAG=4.
 START MIGRAD MINIMIZATION.  STRATEGY  1.  CONVERGENCE WHEN EDM .LT. 1.00e-03
 FCN=-161116 FROM MIGRAD    STATUS=INITIATE       59 CALLS          60 TOTAL
                     EDM= unknown      STRATEGY= 1      NO ERROR MATRIX       
  EXT PARAMETER               CURRENT GUESS       STEP         FIRST   
  NO.   NAME      VALUE            ERROR          SIZE      DERIVATIVE 
   1  Yld_BG       5.39975e+03   2.69988e+03   0.00000e+00  -4.54379e+03
   2  Yld_Signal   1.07995e+04   4.31980e+03   0.00000e+00  -6.37805e+03
   3  alpha        9.53674e-07   1.00000e-01   0.00000e+00   3.25969e-05
   4  alphaB       9.53674e-07   1.00000e-01   0.00000e+00   1.14996e-04
   5  off          0.00000e+00   4.00000e-01   0.00000e+00  -1.48831e+01
   7  scale        1.01862e+00   2.00000e-02   1.87284e-01  -8.35978e-01
   8  scaleB       1.00000e+00   constant   
                               ERR DEF= 0.5
 MIGRAD FAILS TO FIND IMPROVEMENT
 MACHINE ACCURACY LIMITS FURTHER IMPROVEMENT.
 MIGRAD MINIMIZATION HAS CONVERGED.
 MIGRAD WILL VERIFY CONVERGENCE AND ERROR MATRIX.
 COVARIANCE MATRIX CALCULATED SUCCESSFULLY
 FCN=-161932 FROM HESSE     STATUS=OK             50 CALLS         380 TOTAL
                     EDM=0.000818454    STRATEGY= 1      ERROR MATRIX ACCURATE 
  EXT PARAMETER                                   STEP         FIRST   
  NO.   NAME      VALUE            ERROR          SIZE      DERIVATIVE 
   1  Yld_BG       6.91345e+03   1.32086e+02   1.93447e-03   5.11129e-01
   2  Yld_Signal   1.46856e+04   1.58785e+02   1.84336e-03  -2.24631e-01
   3  alpha        3.20517e-03   9.94946e-01   9.56260e-02   2.90195e-03
   4  alphaB       1.23687e-03   8.93180e-01   1.80382e-01  -7.02856e-04
   5  off          1.19535e-03   5.06486e-03   6.92102e-04  -1.50688e+01
   7  scale        1.01028e+00   6.68909e-03   1.69466e-02  -7.58058e-02
   8  scaleB       1.00000e+00   constant   
                               ERR DEF= 0.5
 MIGRAD FAILS TO FIND IMPROVEMENT
 MIGRAD TERMINATED WITHOUT CONVERGENCE.
 FCN=-161932 FROM MIGRAD    STATUS=FAILED        596 CALLS         597 TOTAL
                     EDM=9.20066    STRATEGY= 1  ERROR MATRIX UNCERTAINTY 100.0 per cent
  EXT PARAMETER                APPROXIMATE        STEP         FIRST   
  NO.   NAME      VALUE            ERROR          SIZE      DERIVATIVE 
   1  Yld_BG       6.91221e+03   2.26403e+03  -0.00000e+00  -1.56610e-02
   2  Yld_Signal   1.46868e+04   5.58253e+03  -0.00000e+00   2.01168e-03
   3  alpha        2.09473e-03   2.78049e-03   0.00000e+00   1.20531e+00
   4  alphaB       2.52781e-04   1.17935e-01   0.00000e+00  -1.06404e-01
   5  off          1.29146e-03   1.59429e-02  -0.00000e+00   7.53257e+00
   7  scale        1.01020e+00   6.36989e-02  -0.00000e+00   9.10616e-01
   8  scaleB       1.00000e+00   constant   
                               ERR DEF= 0.5
 EXTERNAL ERROR MATRIX.    NDIM=  25    NPAR=  6    ERR DEF=0.5
  5.161e+06  9.669e+06  2.930e-02 -6.877e-02  3.173e+01  1.385e+02 
  9.669e+06  3.197e+07  2.874e-01  6.684e-01  4.080e+01  1.418e+02 
  2.930e-02  2.874e-01  7.741e-06  3.102e-05 -4.297e-08 -9.219e-07 
 -6.877e-02  6.684e-01  3.102e-05  1.243e-04 -1.137e-06 -7.548e-06 
  3.173e+01  4.080e+01 -4.297e-08 -1.137e-06  2.542e-04  1.020e-03 
  1.385e+02  1.418e+02 -9.219e-07 -7.548e-06  1.020e-03  4.779e-03 
ERR MATRIX APPROXIMATE
 PARAMETER  CORRELATION COEFFICIENTS  
       NO.  GLOBAL      1      2      3      4      5      7
        1  1.00339   1.000  0.753  0.005 -0.003  0.876  0.882
        2  1.00101   0.753  1.000  0.018  0.011  0.453  0.363
        3  1.00000   0.005  0.018  1.000  1.000 -0.001 -0.005
        4  1.00000  -0.003  0.011  1.000  1.000 -0.006 -0.010
        5  0.93275   0.876  0.453 -0.001 -0.006  1.000  0.925
        7  0.99376   0.882  0.363 -0.005 -0.010  0.925  1.000
 ERR MATRIX APPROXIMATE
 **********
 **   15 **HESSE        4000
 **********
 FIRST CALL TO USER FUNCTION AT NEW START POINT, WITH IFLAG=4.
 COVARIANCE MATRIX CALCULATED SUCCESSFULLY
 FCN=-161932 FROM HESSE     STATUS=OK             52 CALLS         650 TOTAL
                     EDM=0.000855901    STRATEGY= 1      ERROR MATRIX ACCURATE 
  EXT PARAMETER                                INTERNAL      INTERNAL  
  NO.   NAME      VALUE            ERROR       STEP SIZE       VALUE   
   1  Yld_BG       6.91221e+03   1.33251e+02   1.93448e-03  -7.47729e-01
   2  Yld_Signal   1.46868e+04   1.59767e+02   1.84340e-03  -3.25755e-01
   3  alpha        2.09473e-03   3.06976e-02   5.00000e-01  -1.47923e+00
   4  alphaB       2.52781e-04   1.01067e-01   5.00000e-01  -1.53900e+00
   5  off          1.29146e-03   5.10802e-03   7.03671e-04   6.45732e-04
   7  scale        1.01020e+00   6.90456e-03   1.73997e-02   1.02171e-01
   8  scaleB       1.00000e+00   constant   
                               ERR DEF= 0.5
 EXTERNAL ERROR MATRIX.    NDIM=  25    NPAR=  6    ERR DEF=0.5
  1.776e+04 -1.084e+04 -2.193e-01 -9.463e-03  1.312e-02  3.322e-01 
 -1.084e+04  2.553e+04  2.194e-01  9.446e-03 -1.312e-02 -3.323e-01 
 -2.193e-01  2.194e-01  2.604e-04 -2.050e-06  3.781e-06  1.362e-05 
 -9.463e-03  9.446e-03 -2.050e-06  1.059e-04 -9.680e-07 -5.712e-07 
  1.312e-02 -1.312e-02  3.781e-06 -9.680e-07  2.609e-05  4.323e-06 
  3.322e-01 -3.323e-01  1.362e-05 -5.712e-07  4.323e-06  4.775e-05 
 PARAMETER  CORRELATION COEFFICIENTS  
       NO.  GLOBAL      1      2      3      4      5      7
        1  0.56162   1.000 -0.509 -0.102 -0.007  0.019  0.361
        2  0.52732  -0.509  1.000  0.085  0.006 -0.016 -0.301
        3  0.21063  -0.102  0.085  1.000 -0.012  0.046  0.122
        4  0.02329  -0.007  0.006 -0.012  1.000 -0.018 -0.008
        5  0.12975   0.019 -0.016  0.046 -0.018  1.000  0.122
        7  0.43287   0.361 -0.301  0.122 -0.008  0.122  1.000
[#1] INFO:Minization -- RooMinuit::optimizeConst: deactivating const optimization
Plotting versus Mmiss
[#1] INFO:NumericIntegration -- RooRealIntegral::init(Signal_Int[Mmiss]) using numeric integrator RooIntegrator1D to calculate Int(Mmiss)
[#1] INFO:NumericIntegration -- RooRealIntegral::init(BG_Int[Mmiss]) using numeric integrator RooIntegrator1D to calculate Int(Mmiss)
1 THSRooFit::PlotDataModel() chi2 = 0.952759
[#1] INFO:Plotting -- RooAbsPdf::plotOn(TotalPDF0) directly selected PDF components: (Signal)
[#1] INFO:Plotting -- RooAbsPdf::plotOn(TotalPDF0) indirectly selected PDF components: ()
[#1] INFO:NumericIntegration -- RooRealIntegral::init(Signal_Int[Mmiss]) using numeric integrator RooIntegrator1D to calculate Int(Mmiss)
[#1] INFO:NumericIntegration -- RooRealIntegral::init(BG_Int[Mmiss]) using numeric integrator RooIntegrator1D to calculate Int(Mmiss)
[#1] INFO:Plotting -- RooAbsPdf::plotOn(TotalPDF0) directly selected PDF components: (BG)
[#1] INFO:Plotting -- RooAbsPdf::plotOn(TotalPDF0) indirectly selected PDF components: ()
[#1] INFO:NumericIntegration -- RooRealIntegral::init(Signal_Int[Mmiss]) using numeric integrator RooIntegrator1D to calculate Int(Mmiss)
[#1] INFO:NumericIntegration -- RooRealIntegral::init(BG_Int[Mmiss]) using numeric integrator RooIntegrator1D to calculate Int(Mmiss)
Done fit 
Result 0x2d2c870
THSRooFit::Fit() 
RooAddPdf::TotalPDF0[ Yld_Signal * Signal + Yld_BG * BG ] = 717460
0x2bc5750 : OBJ: RooCmdArg	Extended	Extended
0x2c990a0 : OBJ: RooCmdArg	NumCPU	NumCPU
0x2caa420 : OBJ: RooCmdArg	Save	Save
0x2ca9180 : OBJ: RooCmdArg	Warnings	Warnings
0x2de0df0 : OBJ: RooCmdArg	ExternalConstraints	ExternalConstraints
[#1] INFO:NumericIntegration -- RooRealIntegral::init(Signal_Int[Mmiss]) using numeric integrator RooIntegrator1D to calculate Int(Mmiss)
[#1] INFO:NumericIntegration -- RooRealIntegral::init(BG_Int[Mmiss]) using numeric integrator RooIntegrator1D to calculate Int(Mmiss)
[#1] INFO:Minization --  Including the following contraint terms in minimization: (AlphaConstrSignal,OffConstrSignal,ScConstrSignal,AlphaConstrBG)
[#1] INFO:Fitting -- RooAddition::defaultErrorLevel(nll_TotalPDF0_Eg3.50_M16.25__with_constr) Summation contains a RooNLLVar, using its error level
 **********
 **    9 **SET NOWARNINGS           0
 **********
[#1] INFO:Minization -- RooMinuit::optimizeConst: activating const optimization
[#1] INFO:NumericIntegration -- RooRealIntegral::init(Signal_Int[Mmiss]) using numeric integrator RooIntegrator1D to calculate Int(Mmiss)
[#1] INFO:NumericIntegration -- RooRealIntegral::init(BG_Int[Mmiss]) using numeric integrator RooIntegrator1D to calculate Int(Mmiss)
[#1] INFO:Minization --  The following expressions will be evaluated in cache-and-track mode: (Signal,BG)
 **********
 **   12 **MIGRAD        4000           1
 **********
 FIRST CALL TO USER FUNCTION AT NEW START POINT, WITH IFLAG=4.
 START MIGRAD MINIMIZATION.  STRATEGY  1.  CONVERGENCE WHEN EDM .LT. 1.00e-03
 FCN=-65230.4 FROM MIGRAD    STATUS=INITIATE      282 CALLS         283 TOTAL
                     EDM= unknown      STRATEGY= 1      NO ERROR MATRIX       
  EXT PARAMETER               CURRENT GUESS       STEP         FIRST   
  NO.   NAME      VALUE            ERROR          SIZE      DERIVATIVE 
   1  Yld_BG       5.66603e+01   1.33251e+02   0.00000e+00  -2.91789e+05
   2  Yld_Signal   5.89971e+01   1.59767e+02   0.00000e+00  -2.94982e+05
   3  alpha        9.75099e-01   3.06976e-02   0.00000e+00   7.02132e+00
   4  alphaB       2.82618e-01   1.01067e-01   0.00000e+00   7.46767e+01
   5  off          1.15600e+00   5.10802e-03   0.00000e+00   8.62886e+03
   7  scale        1.10000e+00   6.90456e-03   2.31266e+00   7.58262e-01
   8  scaleB       1.00000e+00   constant   
                               ERR DEF= 0.5
 MIGRAD FAILS TO FIND IMPROVEMENT
 COVARIANCE MATRIX CALCULATED SUCCESSFULLY
 FCN=-161911 FROM HESSE     STATUS=OK             42 CALLS         923 TOTAL
                     EDM=6.61874    STRATEGY= 1      ERROR MATRIX ACCURATE 
  EXT PARAMETER                                   STEP         FIRST   
  NO.   NAME      VALUE            ERROR          SIZE      DERIVATIVE 
   1  Yld_BG       6.83423e+03   1.45826e+02   1.93364e-03   6.86610e+00
   2  Yld_Signal   1.47644e+04   1.70812e+02   1.84235e-03  -4.58158e+00
   3  alpha        2.91521e-01   5.53027e-02   9.37396e-03  -3.62012e+00
   4  alphaB       9.74505e-01   4.07969e-04   2.68905e-03   2.14250e-01
   5  off          1.34808e-02   8.09702e-03   8.33726e-04   2.22263e+02
   7  scale        1.07541e+00   2.58424e-02   6.66677e-02   8.22600e+00
   8  scaleB       1.00000e+00   constant   
                               ERR DEF= 0.5
 MIGRAD FAILS TO FIND IMPROVEMENT
 MIGRAD TERMINATED WITHOUT CONVERGENCE.
 FCN=-161921 FROM MIGRAD    STATUS=FAILED       1117 CALLS        1118 TOTAL
                     EDM=0.0392158    STRATEGY= 1  ERROR MATRIX UNCERTAINTY  27.5 per cent
  EXT PARAMETER                APPROXIMATE        STEP         FIRST   
  NO.   NAME      VALUE            ERROR          SIZE      DERIVATIVE 
   1  Yld_BG       6.80861e+03   1.52974e+02   0.00000e+00  -5.09335e-01
   2  Yld_Signal   1.47902e+04   2.09775e+02  -0.00000e+00  -2.99364e-03
   3  alpha        1.24369e-01   2.16223e-02   0.00000e+00  -7.56056e+00
   4  alphaB       9.74982e-01   2.50764e-04  -0.00000e+00   6.49819e+01
   5  off         -4.80683e-03   2.97980e-03  -0.00000e+00   8.21320e+01
   7  scale        1.01349e+00   5.84033e-03   0.00000e+00   8.10669e+00
   8  scaleB       1.00000e+00   constant   
                               ERR DEF= 0.5
 EXTERNAL ERROR MATRIX.    NDIM=  25    NPAR=  6    ERR DEF=0.5
  2.340e+04 -1.363e+04  1.809e+00 -1.018e-02 -1.107e-01  4.843e-01 
 -1.363e+04  4.401e+04 -2.285e+00  3.009e-02  3.078e-02 -5.580e-01 
  1.809e+00 -2.285e+00  4.682e-04 -2.881e-06 -1.436e-05  1.216e-04 
 -1.018e-02  3.009e-02 -2.881e-06  6.288e-08  1.650e-07 -8.011e-07 
 -1.107e-01  3.078e-02 -1.436e-05  1.650e-07  8.879e-06 -8.255e-06 
  4.843e-01 -5.580e-01  1.216e-04 -8.011e-07 -8.255e-06  3.415e-05 
ERR MATRIX APPROXIMATE
 PARAMETER  CORRELATION COEFFICIENTS  
       NO.  GLOBAL      1      2      3      4      5      7
        1  0.64574   1.000 -0.425  0.547 -0.265 -0.243  0.542
        2  0.69260  -0.425  1.000 -0.503  0.572  0.049 -0.455
        3  0.99835   0.547 -0.503  1.000 -0.531 -0.223  0.962
        4  0.69060  -0.265  0.572 -0.531  1.000  0.221 -0.547
        5  0.98204  -0.243  0.049 -0.223  0.221  1.000 -0.474
        7  0.99862   0.542 -0.455  0.962 -0.547 -0.474  1.000
 ERR MATRIX APPROXIMATE
 **********
 **   15 **HESSE        4000
 **********
 FIRST CALL TO USER FUNCTION AT NEW START POINT, WITH IFLAG=4.
 FCN=-161921 FROM HESSE     STATUS=NOT POSDEF     50 CALLS        1169 TOTAL
                     EDM=69.6836    STRATEGY= 1      ERR MATRIX NOT POS-DEF
  EXT PARAMETER                APPROXIMATE     INTERNAL      INTERNAL  
  NO.   NAME      VALUE            ERROR       STEP SIZE       VALUE   
   1  Yld_BG       6.80861e+03   6.17861e+02   1.93621e-03  -7.54291e-01
   2  Yld_Signal   1.47902e+04   6.08107e+02   1.84337e-03  -3.20707e-01
   3  alpha        1.24369e-01   1.23506e-01   1.80210e-02  -8.49973e-01
   4  alphaB       9.74982e-01   1.14323e-03   8.10930e-03   1.25312e+00
   5  off         -4.80683e-03   3.03492e-02   1.00462e-03  -2.40342e-03
   7  scale        1.01349e+00   1.53200e-01   2.52070e-02   1.35338e-01
   8  scaleB       1.00000e+00   constant   
                               ERR DEF= 0.5
 EXTERNAL ERROR MATRIX.    NDIM=  25    NPAR=  6    ERR DEF=0.5
  3.819e+05 -3.659e+05  7.531e+01 -2.733e-04  1.837e+01  7.984e+01 
 -3.659e+05  3.699e+05 -7.336e+01  2.662e-04 -1.789e+01 -7.778e+01 
  7.531e+01 -7.336e+01  1.602e-02 -5.451e-08  3.782e-03  1.644e-02 
 -2.733e-04  2.662e-04 -5.451e-08  1.307e-06 -1.332e-08 -5.789e-08 
  1.837e+01 -1.789e+01  3.782e-03 -1.332e-08  9.211e-04  3.979e-03 
  7.984e+01 -7.778e+01  1.644e-02 -5.789e-08  3.979e-03  1.729e-02 
ERR MATRIX NOT POS-DEF
 PARAMETER  CORRELATION COEFFICIENTS  
       NO.  GLOBAL      1      2      3      4      5      7
        1  0.98589   1.000 -0.973  0.963 -0.000  0.979  0.982
        2  0.97751  -0.973  1.000 -0.953  0.000 -0.969 -0.972
        3  0.98812   0.963 -0.953  1.000 -0.000  0.984  0.987
        4  0.00039  -0.000  0.000 -0.000  1.000 -0.000 -0.000
        5  0.99696   0.979 -0.969  0.984 -0.000  1.000  0.997
        7  0.99808   0.982 -0.972  0.987 -0.000  0.997  1.000
 ERR MATRIX NOT POS-DEF
[#1] INFO:Minization -- RooMinuit::optimizeConst: deactivating const optimization
Plotting versus Mmiss
[#1] INFO:NumericIntegration -- RooRealIntegral::init(Signal_Int[Mmiss]) using numeric integrator RooIntegrator1D to calculate Int(Mmiss)
[#1] INFO:NumericIntegration -- RooRealIntegral::init(BG_Int[Mmiss]) using numeric integrator RooIntegrator1D to calculate Int(Mmiss)
2 THSRooFit::PlotDataModel() chi2 = 1.03859
[#1] INFO:Plotting -- RooAbsPdf::plotOn(TotalPDF0) directly selected PDF components: (Signal)
[#1] INFO:Plotting -- RooAbsPdf::plotOn(TotalPDF0) indirectly selected PDF components: ()
[#1] INFO:NumericIntegration -- RooRealIntegral::init(Signal_Int[Mmiss]) using numeric integrator RooIntegrator1D to calculate Int(Mmiss)
[#1] INFO:NumericIntegration -- RooRealIntegral::init(BG_Int[Mmiss]) using numeric integrator RooIntegrator1D to calculate Int(Mmiss)
[#1] INFO:Plotting -- RooAbsPdf::plotOn(TotalPDF0) directly selected PDF components: (BG)
[#1] INFO:Plotting -- RooAbsPdf::plotOn(TotalPDF0) indirectly selected PDF components: ()
[#1] INFO:NumericIntegration -- RooRealIntegral::init(Signal_Int[Mmiss]) using numeric integrator RooIntegrator1D to calculate Int(Mmiss)
[#1] INFO:NumericIntegration -- RooRealIntegral::init(BG_Int[Mmiss]) using numeric integrator RooIntegrator1D to calculate Int(Mmiss)
THSRooFit::Fit() 
RooAddPdf::TotalPDF0[ Yld_Signal * Signal + Yld_BG * BG ] = 719431
0x2bc5750 : OBJ: RooCmdArg	Extended	Extended
0x2c990a0 : OBJ: RooCmdArg	NumCPU	NumCPU
0x2caa420 : OBJ: RooCmdArg	Save	Save
0x2ca9180 : OBJ: RooCmdArg	Warnings	Warnings
0x2de0df0 : OBJ: RooCmdArg	ExternalConstraints	ExternalConstraints
[#1] INFO:NumericIntegration -- RooRealIntegral::init(Signal_Int[Mmiss]) using numeric integrator RooIntegrator1D to calculate Int(Mmiss)
[#1] INFO:NumericIntegration -- RooRealIntegral::init(BG_Int[Mmiss]) using numeric integrator RooIntegrator1D to calculate Int(Mmiss)
[#1] INFO:Minization --  Including the following contraint terms in minimization: (AlphaConstrSignal,OffConstrSignal,ScConstrSignal,AlphaConstrBG)
[#1] INFO:Fitting -- RooAddition::defaultErrorLevel(nll_TotalPDF0_Eg3.50_M16.25__with_constr) Summation contains a RooNLLVar, using its error level
 **********
 **    9 **SET NOWARNINGS           0
 **********
[#1] INFO:Minization -- RooMinuit::optimizeConst: activating const optimization
[#1] INFO:NumericIntegration -- RooRealIntegral::init(Signal_Int[Mmiss]) using numeric integrator RooIntegrator1D to calculate Int(Mmiss)
[#1] INFO:NumericIntegration -- RooRealIntegral::init(BG_Int[Mmiss]) using numeric integrator RooIntegrator1D to calculate Int(Mmiss)
[#1] INFO:Minization --  The following expressions will be evaluated in cache-and-track mode: (Signal,BG)
 **********
 **   12 **MIGRAD        4000           1
 **********
 FIRST CALL TO USER FUNCTION AT NEW START POINT, WITH IFLAG=4.
 START MIGRAD MINIMIZATION.  STRATEGY  1.  CONVERGENCE WHEN EDM .LT. 1.00e-03
 FCN=15678.6 FROM MIGRAD    STATUS=INITIATE       53 CALLS          54 TOTAL
                     EDM= unknown      STRATEGY= 1      NO ERROR MATRIX       
  EXT PARAMETER               CURRENT GUESS       STEP         FIRST   
  NO.   NAME      VALUE            ERROR          SIZE      DERIVATIVE 
   1  Yld_BG       1.58615e+00   6.17861e+02   0.00000e+00  -2.09807e+06
   2  Yld_Signal   7.30180e-01   6.08107e+02   0.00000e+00  -2.16062e+06
   3  alpha        1.24369e-01   1.23506e-01   0.00000e+00   1.07248e+02
   4  alphaB       5.53018e-01   1.14323e-03  -4.04261e-01  -3.12778e+01
   5  off         -6.01055e-02   3.03492e-02   0.00000e+00  -9.25643e+02
   7  scale        1.09150e+00   1.53200e-01   0.00000e+00  -5.70725e+01
   8  scaleB       1.00000e+00   constant   
                               ERR DEF= 0.5
 MIGRAD FAILS TO FIND IMPROVEMENT
 COVARIANCE MATRIX CALCULATED SUCCESSFULLY
 FCN=-161867 FROM HESSE     STATUS=OK             48 CALLS        1271 TOTAL
                     EDM=2.68938    STRATEGY= 1      ERROR MATRIX ACCURATE 
  EXT PARAMETER                                   STEP         FIRST   
  NO.   NAME      VALUE            ERROR          SIZE      DERIVATIVE 
   1  Yld_BG       6.53993e+03   1.23061e+02   1.96819e-03   1.15470e+02
   2  Yld_Signal   1.50846e+04   1.53423e+02   1.84644e-03  -3.17084e+01
   3  alpha        4.29343e-01   1.86495e-03   1.93779e-03   1.50985e+02
   4  alphaB       9.86341e-01   1.17233e-02   1.01728e-01  -1.83178e+00
   5  off          7.03825e-02   4.47405e-04   1.14301e-04   7.48705e+03
   7  scale        1.09630e+00   3.75047e-04   7.24025e-03  -7.94199e+01
   8  scaleB       1.00000e+00   constant   
                               ERR DEF= 0.5
 MIGRAD FAILS TO FIND IMPROVEMENT
 MIGRAD TERMINATED WITHOUT CONVERGENCE.
 FCN=-161870 FROM MIGRAD    STATUS=FAILED       1325 CALLS        1326 TOTAL
                     EDM=31.7396    STRATEGY= 1  ERROR MATRIX UNCERTAINTY 100.0 per cent
  EXT PARAMETER                APPROXIMATE        STEP         FIRST   
  NO.   NAME      VALUE            ERROR          SIZE      DERIVATIVE 
   1  Yld_BG       6.47589e+03   1.29769e+02  -0.00000e+00   4.42580e+01
   2  Yld_Signal   1.51329e+04   1.57393e+02   0.00000e+00  -1.19271e+01
   3  alpha        4.25472e-01   2.22632e-03   0.00000e+00   1.38304e+02
   4  alphaB       9.74964e-01   4.08180e-03  -0.00000e+00   7.73173e+01
   5  off          6.85298e-02   6.36563e-04   0.00000e+00   1.65637e+03
   7  scale        1.09559e+00   4.29678e-04  -0.00000e+00   1.16980e+01
   8  scaleB       1.00000e+00   constant   
                               ERR DEF= 0.5
 EXTERNAL ERROR MATRIX.    NDIM=  25    NPAR=  6    ERR DEF=0.5
  1.684e+04 -9.967e+03 -5.265e-02 -1.044e-02 -1.051e-02 -2.380e-04 
 -9.967e+03  2.477e+04  4.625e-02  4.329e-03  8.737e-03  3.025e-04 
 -5.265e-02  4.625e-02  4.957e-06 -4.077e-06  5.461e-07 -1.360e-07 
 -1.044e-02  4.329e-03 -4.077e-06  1.666e-05 -1.122e-06  3.786e-08 
 -1.051e-02  8.737e-03  5.461e-07 -1.122e-06  4.052e-07 -5.049e-08 
 -2.380e-04  3.025e-04 -1.360e-07  3.786e-08 -5.049e-08  1.846e-07 
ERR MATRIX APPROXIMATE
 PARAMETER  CORRELATION COEFFICIENTS  
       NO.  GLOBAL      1      2      3      4      5      7
        1  0.51473   1.000 -0.488 -0.182 -0.020 -0.127 -0.004
        2  0.49076  -0.488  1.000  0.132  0.007  0.087  0.004
        3  0.53273  -0.182  0.132  1.000 -0.449  0.385 -0.142
        4  0.55049  -0.020  0.007 -0.449  1.000 -0.432  0.022
        5  0.51322  -0.127  0.087  0.385 -0.432  1.000 -0.185
        7  0.22890  -0.004  0.004 -0.142  0.022 -0.185  1.000
 ERR MATRIX APPROXIMATE
 **********
 **   15 **HESSE        4000
 **********
 FIRST CALL TO USER FUNCTION AT NEW START POINT, WITH IFLAG=4.
 COVARIANCE MATRIX CALCULATED SUCCESSFULLY
 FCN=-161870 FROM HESSE     STATUS=OK             42 CALLS        1369 TOTAL
                     EDM=132.512    STRATEGY= 1      ERROR MATRIX ACCURATE 
  EXT PARAMETER                                INTERNAL      INTERNAL  
  NO.   NAME      VALUE            ERROR       STEP SIZE       VALUE   
   1  Yld_BG       6.47589e+03   1.97403e+02   1.95986e-03  -7.75644e-01
   2  Yld_Signal   1.51329e+04   2.17899e+02   1.84754e-03  -3.04030e-01
   3  alpha        4.25472e-01   3.68246e-02   1.48190e-02  -1.49615e-01
   4  alphaB       9.74964e-01   1.00590e-03   6.59642e-03   1.25301e+00
   5  off          6.85298e-02   7.13263e-03   5.25987e-04   3.42716e-02
   7  scale        1.09559e+00   5.23050e-03   3.55702e-02   1.27266e+00
   8  scaleB       1.00000e+00   constant   
                               ERR DEF= 0.5
 EXTERNAL ERROR MATRIX.    NDIM=  25    NPAR=  6    ERR DEF=0.5
  3.897e+04 -3.241e+04 -5.631e+00 -3.936e-05 -2.311e-01 -3.033e-01 
 -3.241e+04  4.748e+04  5.621e+00  3.927e-05  2.307e-01  3.028e-01 
 -5.631e+00  5.621e+00  1.359e-03  6.385e-09  5.669e-05  1.034e-04 
 -3.936e-05  3.927e-05  6.385e-09  1.012e-06  2.059e-10  3.434e-10 
 -2.311e-01  2.307e-01  5.669e-05  2.059e-10  5.087e-05  4.011e-06 
 -3.033e-01  3.028e-01  1.034e-04  3.434e-10  4.011e-06  2.765e-05 
 PARAMETER  CORRELATION COEFFICIENTS  
       NO.  GLOBAL      1      2      3      4      5      7
        1  0.83372   1.000 -0.754 -0.774 -0.000 -0.164 -0.292
        2  0.77769  -0.754  1.000  0.700  0.000  0.148  0.264
        3  0.85466  -0.774  0.700  1.000  0.000  0.216  0.534
        4  0.00020  -0.000  0.000  0.000  1.000  0.000  0.000
        5  0.21595  -0.164  0.148  0.216  0.000  1.000  0.107
        7  0.57109  -0.292  0.264  0.534  0.000  0.107  1.000
[#1] INFO:Minization -- RooMinuit::optimizeConst: deactivating const optimization
Plotting versus Mmiss
[#1] INFO:NumericIntegration -- RooRealIntegral::init(Signal_Int[Mmiss]) using numeric integrator RooIntegrator1D to calculate Int(Mmiss)
[#1] INFO:NumericIntegration -- RooRealIntegral::init(BG_Int[Mmiss]) using numeric integrator RooIntegrator1D to calculate Int(Mmiss)
3 THSRooFit::PlotDataModel() chi2 = 1.89968
[#1] INFO:Plotting -- RooAbsPdf::plotOn(TotalPDF0) directly selected PDF components: (Signal)
[#1] INFO:Plotting -- RooAbsPdf::plotOn(TotalPDF0) indirectly selected PDF components: ()
[#1] INFO:NumericIntegration -- RooRealIntegral::init(Signal_Int[Mmiss]) using numeric integrator RooIntegrator1D to calculate Int(Mmiss)
[#1] INFO:NumericIntegration -- RooRealIntegral::init(BG_Int[Mmiss]) using numeric integrator RooIntegrator1D to calculate Int(Mmiss)
[#1] INFO:Plotting -- RooAbsPdf::plotOn(TotalPDF0) directly selected PDF components: (BG)
[#1] INFO:Plotting -- RooAbsPdf::plotOn(TotalPDF0) indirectly selected PDF components: ()
[#1] INFO:NumericIntegration -- RooRealIntegral::init(Signal_Int[Mmiss]) using numeric integrator RooIntegrator1D to calculate Int(Mmiss)
[#1] INFO:NumericIntegration -- RooRealIntegral::init(BG_Int[Mmiss]) using numeric integrator RooIntegrator1D to calculate Int(Mmiss)
THSRooFit::Fit() 
RooAddPdf::TotalPDF0[ Yld_Signal * Signal + Yld_BG * BG ] = 648660
0x2bc5750 : OBJ: RooCmdArg	Extended	Extended
0x2c990a0 : OBJ: RooCmdArg	NumCPU	NumCPU
0x2caa420 : OBJ: RooCmdArg	Save	Save
0x2ca9180 : OBJ: RooCmdArg	Warnings	Warnings
0x2de0df0 : OBJ: RooCmdArg	ExternalConstraints	ExternalConstraints
[#1] INFO:NumericIntegration -- RooRealIntegral::init(Signal_Int[Mmiss]) using numeric integrator RooIntegrator1D to calculate Int(Mmiss)
[#1] INFO:NumericIntegration -- RooRealIntegral::init(BG_Int[Mmiss]) using numeric integrator RooIntegrator1D to calculate Int(Mmiss)
[#1] INFO:Minization --  Including the following contraint terms in minimization: (AlphaConstrSignal,OffConstrSignal,ScConstrSignal,AlphaConstrBG)
[#1] INFO:Fitting -- RooAddition::defaultErrorLevel(nll_TotalPDF0_Eg3.50_M16.25__with_constr) Summation contains a RooNLLVar, using its error level
 **********
 **    9 **SET NOWARNINGS           0
 **********
[#1] INFO:Minization -- RooMinuit::optimizeConst: activating const optimization
[#1] INFO:NumericIntegration -- RooRealIntegral::init(Signal_Int[Mmiss]) using numeric integrator RooIntegrator1D to calculate Int(Mmiss)
[#1] INFO:NumericIntegration -- RooRealIntegral::init(BG_Int[Mmiss]) using numeric integrator RooIntegrator1D to calculate Int(Mmiss)
[#1] INFO:Minization --  The following expressions will be evaluated in cache-and-track mode: (Signal,BG)
 **********
 **   12 **MIGRAD        4000           1
 **********
 FIRST CALL TO USER FUNCTION AT NEW START POINT, WITH IFLAG=4.
 START MIGRAD MINIMIZATION.  STRATEGY  1.  CONVERGENCE WHEN EDM .LT. 1.00e-03
 FCN=-72752.7 FROM MIGRAD    STATUS=INITIATE      268 CALLS         269 TOTAL
                     EDM= unknown      STRATEGY= 1      NO ERROR MATRIX       
  EXT PARAMETER               CURRENT GUESS       STEP         FIRST   
  NO.   NAME      VALUE            ERROR          SIZE      DERIVATIVE 
   1  Yld_BG       7.33551e+01   1.97403e+02   0.00000e+00  -2.46246e+05
   2  Yld_Signal   6.04860e+01   2.17899e+02   0.00000e+00  -3.02016e+05
   3  alpha        7.98289e-04   3.68246e-02   0.00000e+00  -3.21593e+00
   4  alphaB       2.93828e-06   1.00590e-03   0.00000e+00   3.41162e-02
   5  off         -6.98889e-03   7.13263e-03   2.13914e-02   1.03497e+02
   7  scale        9.77033e-01   5.23050e-03   0.00000e+00  -2.14754e+02
   8  scaleB       1.00000e+00   constant   
                               ERR DEF= 0.5
 MIGRAD FAILS TO FIND IMPROVEMENT
 FCN=-161932 FROM HESSE     STATUS=NOT POSDEF     46 CALLS         852 TOTAL
                     EDM=2554.84    STRATEGY= 1      ERR MATRIX NOT POS-DEF
  EXT PARAMETER                APPROXIMATE        STEP         FIRST   
  NO.   NAME      VALUE            ERROR          SIZE      DERIVATIVE 
   1  Yld_BG       6.87899e+03   8.83699e+02   1.93682e-03   6.66369e+00
   2  Yld_Signal   1.47172e+04   6.90013e+02   1.84424e-03  -7.87766e+00
   3  alpha        1.26950e-02   7.56867e-03   5.00000e-01  -2.27813e-02
   4  alphaB       1.67648e-01   1.10460e-03   2.49179e-03   1.51647e+00
   5  off         -6.75996e-04   9.38379e-04   9.92643e-04  -1.14238e+02
   7  scale        1.00543e+00   1.09428e-01   1.21208e-03   7.90169e+00
   8  scaleB       1.00000e+00   constant   
                               ERR DEF= 0.5
 MIGRAD FAILS TO FIND IMPROVEMENT
 MIGRAD TERMINATED WITHOUT CONVERGENCE.
 FCN=-161932 FROM MIGRAD    STATUS=FAILED        959 CALLS         960 TOTAL
                     EDM=70739    STRATEGY= 1      ERR MATRIX NOT POS-DEF
  EXT PARAMETER                APPROXIMATE        STEP         FIRST   
  NO.   NAME      VALUE            ERROR          SIZE      DERIVATIVE 
   1  Yld_BG       6.87462e+03   1.02168e+04  -0.00000e+00   3.05765e+00
   2  Yld_Signal   1.47244e+04   1.27019e+04   0.00000e+00  -1.82564e+00
   3  alpha        1.26957e-02   1.07212e-01  -0.00000e+00  -4.03790e+00
   4  alphaB       1.67732e-01   1.32225e-01   0.00000e+00  -1.73374e+01
   5  off          6.23289e-04   3.40783e-02   0.00000e+00   3.94684e+01
   7  scale        1.00574e+00   5.06329e-03   0.00000e+00   7.27657e+00
   8  scaleB       1.00000e+00   constant   
                               ERR DEF= 0.5
 EXTERNAL ERROR MATRIX.    NDIM=  25    NPAR=  6    ERR DEF=0.5
  1.234e+08  1.003e+07 -5.077e+01 -4.490e+02 -1.313e+02 -7.545e+00 
  1.003e+07  1.877e+08  1.322e+02  1.168e+03  2.355e+02  1.578e+01 
 -5.077e+01  1.322e+02  5.730e-03 -5.994e-03 -1.725e-03  3.798e-04 
 -4.490e+02  1.168e+03 -5.994e-03  1.827e-02  4.528e-03 -3.257e-04 
 -1.313e+02  2.355e+02 -1.725e-03  4.528e-03  1.161e-03 -9.777e-05 
 -7.545e+00  1.578e+01  3.798e-04 -3.257e-04 -9.777e-05  2.566e-05 
ERR MATRIX NOT POS-DEF
 PARAMETER  CORRELATION COEFFICIENTS  
       NO.  GLOBAL      1      2      3      4      5      7
        1  1.00009   1.000  0.066 -0.060 -0.299 -0.347 -0.134
        2  1.00002   0.066  1.000  0.127  0.631  0.504  0.227
        3  1.00003  -0.060  0.127  1.000 -0.586 -0.669  0.990
        4  1.00001  -0.299  0.631 -0.586  1.000  0.983 -0.476
        5  0.99355  -0.347  0.504 -0.669  0.983  1.000 -0.566
        7  0.99901  -0.134  0.227  0.990 -0.476 -0.566  1.000
 ERR MATRIX NOT POS-DEF
 **********
 **   15 **HESSE        4000
 **********
 FIRST CALL TO USER FUNCTION AT NEW START POINT, WITH IFLAG=4.
 FCN=-161932 FROM HESSE     STATUS=NOT POSDEF     48 CALLS        1009 TOTAL
                     EDM=1.23633    STRATEGY= 1      ERR MATRIX NOT POS-DEF
  EXT PARAMETER                APPROXIMATE     INTERNAL      INTERNAL  
  NO.   NAME      VALUE            ERROR       STEP SIZE       VALUE   
   1  Yld_BG       6.87462e+03   1.23480e+02   1.93637e-03  -7.50105e-01
   2  Yld_Signal   1.47244e+04   1.29598e+02   1.84329e-03  -3.23917e-01
   3  alpha        1.26957e-02   9.88242e-01   5.00000e-01  -1.34497e+00
   4  alphaB       1.67732e-01   2.64286e-03   3.60580e-03  -7.26873e-01
   5  off          6.23289e-04   1.09478e-02   3.98885e-04   3.11645e-04
   7  scale        1.00574e+00   3.01473e-02   5.71638e-03   5.73855e-02
   8  scaleB       1.00000e+00   constant   
                               ERR DEF= 0.5
 EXTERNAL ERROR MATRIX.    NDIM=  25    NPAR=  6    ERR DEF=0.5
  1.525e+04 -9.415e+03 -3.266e+01  1.239e-03 -9.916e-01 -2.814e+00 
 -9.415e+03  1.680e+04  2.871e+01 -1.090e-03  8.716e-01  2.474e+00 
 -3.266e+01  2.871e+01  1.251e-01 -5.297e-06  3.805e-03  1.081e-02 
  1.239e-03 -1.090e-03 -5.297e-06  6.985e-06 -1.603e-07 -4.573e-07 
 -9.916e-01  8.716e-01  3.805e-03 -1.603e-07  1.199e-04  3.298e-04 
 -2.814e+00  2.474e+00  1.081e-02 -4.573e-07  3.298e-04  9.379e-04 
ERR MATRIX NOT POS-DEF
 PARAMETER  CORRELATION COEFFICIENTS  
       NO.  GLOBAL      1      2      3      4      5      7
        1  0.76431   1.000 -0.588 -0.748  0.004 -0.734 -0.744
        2  0.65228  -0.588  1.000  0.626 -0.003  0.614  0.623
        3  0.99838  -0.748  0.626  1.000 -0.006  0.983  0.998
        4  0.00572   0.004 -0.003 -0.006  1.000 -0.006 -0.006
        5  0.98374  -0.734  0.614  0.983 -0.006  1.000  0.984
        7  0.99845  -0.744  0.623  0.998 -0.006  0.984  1.000
 ERR MATRIX NOT POS-DEF
[#1] INFO:Minization -- RooMinuit::optimizeConst: deactivating const optimization
Plotting versus Mmiss
[#1] INFO:NumericIntegration -- RooRealIntegral::init(Signal_Int[Mmiss]) using numeric integrator RooIntegrator1D to calculate Int(Mmiss)
[#1] INFO:NumericIntegration -- RooRealIntegral::init(BG_Int[Mmiss]) using numeric integrator RooIntegrator1D to calculate Int(Mmiss)
4 THSRooFit::PlotDataModel() chi2 = 0.968238
[#1] INFO:Plotting -- RooAbsPdf::plotOn(TotalPDF0) directly selected PDF components: (Signal)
[#1] INFO:Plotting -- RooAbsPdf::plotOn(TotalPDF0) indirectly selected PDF components: ()
[#1] INFO:NumericIntegration -- RooRealIntegral::init(Signal_Int[Mmiss]) using numeric integrator RooIntegrator1D to calculate Int(Mmiss)
[#1] INFO:NumericIntegration -- RooRealIntegral::init(BG_Int[Mmiss]) using numeric integrator RooIntegrator1D to calculate Int(Mmiss)
[#1] INFO:Plotting -- RooAbsPdf::plotOn(TotalPDF0) directly selected PDF components: (BG)
[#1] INFO:Plotting -- RooAbsPdf::plotOn(TotalPDF0) indirectly selected PDF components: ()
[#1] INFO:NumericIntegration -- RooRealIntegral::init(Signal_Int[Mmiss]) using numeric integrator RooIntegrator1D to calculate Int(Mmiss)
[#1] INFO:NumericIntegration -- RooRealIntegral::init(BG_Int[Mmiss]) using numeric integrator RooIntegrator1D to calculate Int(Mmiss)
THSRooFit::Fit() 
RooAddPdf::TotalPDF0[ Yld_Signal * Signal + Yld_BG * BG ] = 718707
0x2bc5750 : OBJ: RooCmdArg	Extended	Extended
0x2c990a0 : OBJ: RooCmdArg	NumCPU	NumCPU
0x2caa420 : OBJ: RooCmdArg	Save	Save
0x2ca9180 : OBJ: RooCmdArg	Warnings	Warnings
0x2de0df0 : OBJ: RooCmdArg	ExternalConstraints	ExternalConstraints
[#1] INFO:NumericIntegration -- RooRealIntegral::init(Signal_Int[Mmiss]) using numeric integrator RooIntegrator1D to calculate Int(Mmiss)
[#1] INFO:NumericIntegration -- RooRealIntegral::init(BG_Int[Mmiss]) using numeric integrator RooIntegrator1D to calculate Int(Mmiss)
[#1] INFO:Minization --  Including the following contraint terms in minimization: (AlphaConstrSignal,OffConstrSignal,ScConstrSignal,AlphaConstrBG)
[#1] INFO:Fitting -- RooAddition::defaultErrorLevel(nll_TotalPDF0_Eg3.50_M16.25__with_constr) Summation contains a RooNLLVar, using its error level
 **********
 **    9 **SET NOWARNINGS           0
 **********
[#1] INFO:Minization -- RooMinuit::optimizeConst: activating const optimization
[#1] INFO:NumericIntegration -- RooRealIntegral::init(Signal_Int[Mmiss]) using numeric integrator RooIntegrator1D to calculate Int(Mmiss)
[#1] INFO:NumericIntegration -- RooRealIntegral::init(BG_Int[Mmiss]) using numeric integrator RooIntegrator1D to calculate Int(Mmiss)
[#1] INFO:Minization --  The following expressions will be evaluated in cache-and-track mode: (Signal,BG)
 **********
 **   12 **MIGRAD        4000           1
 **********
 FIRST CALL TO USER FUNCTION AT NEW START POINT, WITH IFLAG=4.
 START MIGRAD MINIMIZATION.  STRATEGY  1.  CONVERGENCE WHEN EDM .LT. 1.00e-03
 FCN=-24122 FROM MIGRAD    STATUS=INITIATE       59 CALLS          60 TOTAL
